paint baron 128 128
transparency 31
31 31 31 31 31 31 31 18 5 31 31 31 31 31 31 21 18 31 31 31 31 31 31 31 31 31 31 31 31 31 31 31 31 31 31 31 31 31 31 31 22 0 4 31 31 31 31 31 31 31 31 31 31 31 31 31 31 31 31 31 31 5 5 5 31 31 31 31 31 31 5 13 21 15 15 31 31 31 5 29 5 31 31 31 31 31 31 31 31 31 31 31 31 31 31 31 31 31 31 31 31 31 31 5 16 15 31 31 31 30 31 5 5 31 31 31 31 31 31 31 31 31 31 31 31 31 31 31
31 31 31 31 31 31 31 21 18 4 20 15 31 4 4 18 16 31 31 31 31 31 31 31 31 31 31 31 31 31 31 31 31 31 31 31 31 20 20 20 4 4 16 20 20 20 31 31 31 31 31 31 31 31 31 31 31 31 31 31 5 5 27 4 27 5 5 31 31 31 22 5 16 4 31 31 15 4 13 21 16 31 31 31 31 31 31 31 31 31 31 31 31 31 31 31 31 31 31 31 31 31 16 5 20 4 4 31 31 31 4 16 13 16 31 31 31 31 31 31 31 31 31 31 31 31 31 31
31 31 31 31 31 31 31 22 4 31 4 22 21 0 16 31 31 31 31 31 31 31 31 31 31 31 31 31 31 31 31 31 31 31 31 20 31 4 4 20 0 31 4 16 4 4 20 31 31 31 31 31 31 31 31 31 31 31 31 31 5 31 5 27 30 4 5 26 31 31 21 31 31 4 20 4 20 16 16 16 20 31 31 31 31 31 31 31 31 31 31 31 31 31 31 31 31 31 31 31 31 31 31 16 16 4 4 31 4 4 20 5 18 31 31 31 31 31 31 31 31 31 31 31 31 31 31 31
31 31 31 31 31 31 31 16 20 16 16 0 0 0 20 20 31 31 31 31 31 31 31 31 31 31 31 31 31 31 31 31 31 31 31 30 20 16 16 21 20 0 20 21 4 0 4 20 20 31 31 31 31 31 31 31 31 31 31 5 5 5 20 20 4 4 5 31 31 31 31 31 30 4 30 4 15 4 16 16 31 31 31 31 31 31 31 31 31 31 31 31 31 31 31 31 31 31 31 31 31 31 31 31 31 16 15 4 15 4 16 31 31 31 31 31 31 31 31 31 31 31 31 31 31 31 31 31
31 31 31 31 31 31 31 16 20 16 20 0 16 16 31 31 31 31 31 31 31 31 31 31 31 31 31 31 31 31 31 31 31 31 4 4 0 21 0 0 20 16 20 0 16 16 20 4 20 21 21 31 31 31 31 31 31 31 31 31 4 4 20 20 20 4 5 31 31 31 31 31 16 20 31 21 16 16 16 20 4 31 31 31 31 31 31 31 31 31 31 31 31 31 31 31 31 31 31 31 31 31 31 31 31 22 20 20 16 20 22 31 31 31 31 31 31 31 31 31 31 31 31 31 31 31 31 31
31 31 20 31 31 31 31 31 4 20 4 16 20 16 20 20 31 31 31 5 31 31 31 31 31 31 31 31 31 31 31 31 31 31 4 20 0 21 16 21 16 16 16 16 16 20 16 22 4 16 21 20 31 31 31 31 31 31 31 31 5 27 4 20 20 20 31 31 31 31 31 31 31 16 16 16 16 20 16 4 20 4 4 31 31 31 31 31 31 31 31 31 31 31 31 31 31 31 31 31 31 31 31 31 4 0 4 31 20 20 4 4 31 31 31 31 31 31 31 31 31 31 31 31 31 31 31 31
31 31 16 31 4 22 4 4 20 4 20 13 16 16 20 31 4 31 31 31 31 21 31 31 31 31 31 31 31 31 31 31 4 20 30 22 4 15 20 16 30 15 16 16 0 16 20 22 4 16 16 18 20 31 31 31 31 31 31 31 31 26 20 5 5 20 20 30 31 4 4 30 20 16 16 16 16 4 16 30 30 20 31 31 31 4 31 31 31 31 31 31 31 31 31 31 31 31 31 31 31 31 31 20 20 20 4 16 20 20 20 20 4 31 31 31 31 31 31 31 31 31 31 31 31 31 31 31
31 31 31 20 31 31 31 31 27 31 4 20 16 16 16 0 5 15 31 31 31 31 31 31 31 31 31 31 31 31 31 31 21 16 4 4 30 0 21 31 31 20 16 20 30 4 15 4 4 16 16 16 16 31 31 31 31 31 31 31 31 5 5 31 31 31 20 20 4 4 4 4 4 20 20 16 4 4 4 31 15 4 31 31 15 31 4 31 31 31 31 31 31 31 31 31 31 31 31 31 31 4 22 20 4 4 4 4 4 4 4 4 4 4 31 4 31 31 31 31 31 31 31 31 31 31 31 31
31 31 31 20 20 20 4 16 4 15 31 31 20 20 20 21 4 16 16 4 4 31 31 31 31 31 31 31 31 31 31 31 31 21 20 16 20 16 20 4 4 4 4 16 20 4 21 4 4 16 16 16 16 31 31 31 31 31 31 31 31 31 31 31 31 31 31 31 20 16 20 4 20 16 20 20 4 20 4 30 30 4 16 20 4 30 4 4 31 31 31 31 31 31 31 31 31 31 31 31 4 4 31 30 31 20 20 16 16 20 31 31 31 4 31 20 4 31 31 31 31 31 31 31 31 31 31 31
31 20 4 4 21 20 20 4 21 0 4 31 4 21 4 4 16 0 20 20 20 20 31 27 31 31 31 31 4 4 20 4 20 4 21 16 20 16 20 16 4 20 16 20 16 20 31 20 20 16 16 16 16 20 20 21 4 31 31 31 31 31 31 31 31 31 31 31 31 31 31 20 16 20 20 16 16 20 4 4 4 20 16 4 31 15 4 15 31 31 31 31 31 31 31 31 31 31 31 31 20 4 4 4 4 4 4 4 4 30 30 30 4 4 20 4 20 20 31 31 31 31 31 31 31 31 31 31
20 31 4 5 21 20 16 21 16 31 16 4 5 22 20 4 16 16 20 16 20 20 5 4 20 31 31 31 16 20 4 20 21 16 21 16 20 0 20 16 4 16 16 16 31 16 31 16 20 16 16 16 20 20 4 20 16 31 31 31 31 31 31 31 31 31 31 31 31 31 31 31 31 16 20 20 16 20 20 20 16 31 20 20 20 4 31 30 4 31 31 31 31 31 31 31 31 31 31 31 20 20 20 20 4 4 20 4 4 4 4 20 20 20 4 22 20 20 31 31 31 31 31 31 31 31 31 31
4 4 30 16 20 31 16 16 16 4 16 16 21 16 16 16 16 0 16 16 20 20 20 21 16 31 31 31 16 20 20 20 16 16 16 4 20 16 21 21 20 16 31 16 31 31 31 31 31 16 16 21 21 21 21 20 21 16 31 31 31 31 31 31 31 31 31 31 31 31 31 31 31 31 16 16 20 16 16 16 20 16 16 16 16 4 31 31 4 20 31 31 31 31 31 31 31 31 31 4 20 20 20 20 20 20 20 20 20 20 20 20 20 20 4 22 4 20 31 31 31 31 31 31 31 31 31 31
21 20 20 20 31 31 20 20 4 20 0 5 0 16 16 16 4 16 16 31 16 16 5 4 16 16 31 31 31 16 16 16 16 16 16 4 30 30 4 20 31 31 31 31 31 31 31 31 31 31 16 16 16 16 18 18 16 16 31 31 31 31 31 31 31 31 31 31 31 31 31 31 31 31 31 20 16 16 16 20 16 16 16 16 16 31 31 31 20 20 31 31 31 31 31 31 31 31 31 4 20 20 16 16 16 20 20 4 20 16 16 16 16 0 20 4 20 20 20 31 31 31 31 31 31 31 31 31
31 20 20 5 31 31 31 16 0 4 16 5 16 20 0 21 4 22 31 31 31 31 20 21 20 16 31 31 31 31 31 16 16 16 16 16 16 16 16 16 16 16 31 31 31 31 31 31 31 31 31 16 16 16 16 16 16 16 31 31 31 31 31 31 31 31 31 31 31 31 31 31 31 31 31 20 20 16 20 20 20 16 0 16 0 30 22 20 20 31 31 31 31 31 31 31 31 31 31 20 20 16 16 16 20 20 20 16 16 20 20 16 16 16 20 4 4 15 4 31 31 31 31 31 31 31 31 31
31 31 4 21 31 31 20 20 16 16 16 16 21 16 16 21 20 31 31 31 31 31 31 27 21 31 31 31 31 31 31 31 31 31 16 16 16 16 16 16 16 16 16 16 31 31 31 31 31 31 31 16 16 16 16 16 16 31 31 31 31 31 31 31 31 31 31 31 31 31 31 31 31 31 31 20 31 20 20 4 20 16 16 16 0 31 31 20 31 31 31 31 31 31 31 31 31 31 31 20 20 16 16 0 16 20 4 20 20 4 20 4 4 4 20 15 4 31 4 31 31 31 31 31 31 31 31 31
31 31 31 31 31 31 20 20 20 16 16 16 16 21 20 31 31 16 31 31 31 31 31 31 31 5 31 31 31 31 31 31 31 31 31 31 31 31 31 31 31 31 31 31 31 31 31 31 31 31 31 31 31 31 31 31 31 31 31 31 31 31 31 31 31 31 31 31 31 31 31 31 31 31 4 20 20 4 4 16 21 21 5 4 4 4 16 31 31 31 31 31 31 31 31 31 31 31 31 20 4 20 16 0 20 20 20 20 20 20 16 31 4 4 31 31 4 20 16 31 31 31 31 31 31 31 31 31
31 31 31 31 31 31 16 21 20 21 16 16 16 16 5 21 4 4 31 16 31 31 31 31 31 31 31 31 31 31 31 31 31 31 31 31 31 31 31 31 31 31 31 31 31 31 31 31 31 31 31 31 31 31 31 31 31 31 31 31 31 31 31 31 31 31 31 31 31 31 31 31 31 31 4 20 4 16 20 20 20 5 16 21 20 16 16 31 31 31 31 31 31 31 31 31 31 31 31 20 20 20 16 20 4 20 4 20 20 4 5 4 20 20 20 20 20 20 31 31 31 31 31 31 31 31 31 31
31 31 31 31 31 31 20 4 4 20 20 16 16 16 21 4 21 4 20 16 31 31 31 31 31 31 31 31 31 31 31 31 31 31 31 31 31 31 31 31 31 31 31 31 31 31 31 31 31 31 31 31 31 31 31 31 31 31 31 31 31 31 31 31 31 31 31 31 31 31 31 31 31 31 16 4 20 4 4 20 4 5 21 16 16 16 16 31 31 31 31 31 31 31 31 31 31 31 31 31 20 20 20 21 4 22 4 4 20 20 4 21 21 20 16 31 31 31 31 31 31 31 31 31 31 31 31 31
31 31 31 31 31 31 20 20 4 20 20 20 16 21 21 20 4 16 16 16 31 31 31 31 31 31 31 31 31 31 31 31 31 31 31 31 31 31 31 31 31 31 31 31 31 31 31 31 31 31 31 31 31 31 31 31 31 31 31 31 31 31 31 31 31 31 31 31 31 31 31 31 31 21 4 30 31 30 20 20 20 20 5 5 5 21 16 21 31 31 31 31 31 31 31 31 31 31 31 31 20 20 16 4 30 30 4 4 4 4 16 20 21 16 16 31 31 31 31 31 31 31 31 31 31 31 31 31
31 31 31 31 31 16 20 4 21 16 4 18 16 21 16 16 4 4 20 16 31 31 31 31 31 31 31 31 31 31 31 31 31 31 31 31 31 31 31 31 31 31 31 18 5 4 31 31 31 31 4 31 4 31 31 31 31 31 31 31 31 31 31 31 31 31 31 31 31 31 31 31 31 20 4 4 20 4 20 20 21 4 30 5 20 21 16 31 31 31 31 31 31 31 31 31 31 31 31 31 31 20 4 4 4 30 30 4 20 16 21 21 21 21 16 31 31 31 31 31 31 31 31 31 31 31 31 31
31 31 31 31 31 21 4 0 16 21 0 0 0 21 5 16 20 20 4 20 18 31 31 31 31 31 31 31 31 31 31 31 31 31 31 31 31 31 31 31 31 31 31 5 5 20 31 15 15 15 31 5 5 5 31 31 31 31 31 31 31 31 31 31 31 31 31 31 31 31 31 31 31 4 20 20 20 20 20 16 20 20 4 30 4 20 21 16 31 31 31 31 31 31 31 31 31 31 31 31 31 31 21 20 4 4 31 30 21 16 16 16 16 21 31 31 31 31 31 31 31 31 31 31 31 31 31 31
31 31 31 31 31 21 20 0 16 16 16 0 21 5 21 5 21 20 16 20 21 31 31 31 31 31 31 31 31 31 31 31 31 31 31 31 31 31 31 31 31 31 31 20 16 20 20 31 31 30 4 18 18 21 31 31 31 31 31 31 31 31 31 31 31 31 31 31 31 31 31 31 31 20 20 20 20 20 20 31 31 20 20 4 4 4 21 16 31 31 31 31 31 31 31 31 31 31 31 31 31 21 5 16 4 4 4 4 21 16 16 16 16 16 31 31 31 31 31 31 31 31 31 31 31 31 31 31
31 31 31 31 21 21 16 21 16 16 16 16 31 16 31 20 16 16 21 5 21 31 31 31 31 31 31 31 31 31 31 31 31 31 31 31 31 31 31 31 31 31 31 31 31 15 4 20 20 20 20 20 31 31 31 31 31 31 31 31 31 31 31 31 31 31 31 31 31 31 31 31 16 20 20 20 20 21 16 31 31 31 21 20 4 4 20 16 31 31 31 31 31 31 31 31 31 31 31 31 31 31 31 4 4 4 4 4 16 16 16 16 16 16 31 31 31 31 31 31 31 31 31 31 31 31 31 31
31 31 31 31 21 20 20 16 16 0 0 21 31 31 31 21 16 21 16 0 20 18 31 31 31 31 31 31 31 31 31 31 31 31 31 31 31 31 31 31 31 31 31 31 31 20 16 31 20 20 20 31 31 31 31 31 31 31 31 31 31 31 31 31 31 31 31 31 31 31 31 31 21 4 20 20 21 21 31 31 31 31 21 20 4 4 20 21 31 31 31 31 31 31 31 31 31 31 31 31 31 31 31 20 4 4 4 20 16 16 16 16 21 31 31 31 31 31 31 31 31 31 31 31 31 31 31 31
31 31 31 31 4 4 4 20 20 0 21 31 31 31 31 31 16 21 4 16 21 20 31 31 31 31 31 31 31 31 31 31 31 31 31 31 31 31 31 31 31 31 31 31 4 20 16 16 20 20 16 4 31 31 31 31 31 31 31 31 31 31 31 31 31 31 31 31 31 31 31 31 4 4 20 20 21 16 31 31 31 31 31 21 20 21 20 4 31 31 31 31 31 31 31 31 31 31 31 31 31 31 31 20 20 4 20 20 16 16 16 16 16 31 31 31 31 31 31 31 31 31 31 31 31 31 31 31
31 31 31 4 21 20 4 20 20 16 31 31 31 31 31 31 16 16 20 4 4 4 4 31 31 31 31 31 31 31 31 31 31 31 31 31 31 31 31 31 31 31 31 4 20 20 20 16 16 16 20 20 4 31 31 31 31 31 31 31 31 31 31 31 31 31 31 31 31 31 31 21 30 30 30 4 21 16 31 31 31 31 31 16 21 4 4 30 20 31 31 31 31 31 31 31 31 31 31 31 31 31 31 21 4 21 20 16 20 16 20 21 4 31 31 31 31 31 31 31 31 31 31 31 31 31 31 31
31 31 31 20 4 4 20 16 21 31 31 31 31 31 31 31 31 16 4 4 4 4 4 4 4 31 31 31 31 31 31 31 31 31 31 31 31 31 31 31 31 31 4 4 4 4 13 16 16 20 4 4 20 4 20 31 31 31 31 31 31 31 31 31 31 31 31 31 31 31 31 4 30 4 4 4 20 31 31 31 31 31 31 16 4 4 30 4 4 16 31 31 31 31 31 31 31 31 31 31 31 31 31 20 31 20 4 21 16 16 20 20 20 20 31 31 31 31 31 31 31 31 31 31 31 31 31 31
31 31 16 21 16 20 16 16 16 31 31 31 31 31 31 31 31 16 21 21 16 20 20 20 16 16 31 31 31 31 31 31 31 31 31 31 31 31 31 4 20 31 4 31 31 31 4 16 16 20 20 31 30 31 4 4 31 31 31 31 31 31 31 31 31 31 31 31 31 31 20 31 31 4 4 20 16 31 31 31 31 31 31 16 20 4 4 4 4 20 31 31 31 31 31 31 31 31 31 31 31 31 31 20 4 30 4 4 21 16 20 4 20 21 31 31 31 31 31 31 31 31 31 31 31 31 31 31
31 31 16 16 18 16 16 16 16 31 31 31 31 31 31 31 31 31 16 16 16 20 21 21 16 20 31 31 31 31 31 31 31 31 31 31 31 31 20 20 4 20 4 4 30 30 30 4 4 4 4 4 4 4 4 20 31 31 31 31 31 31 31 31 31 31 31 31 31 31 20 4 30 30 20 20 31 31 31 31 31 31 31 31 20 20 4 4 4 20 31 31 31 31 31 31 31 31 31 31 31 31 31 4 30 31 4 4 20 16 21 20 21 31 31 31 31 31 31 31 31 31 31 31 31 31 31 31
31 31 16 16 18 18 16 16 31 31 31 31 31 31 31 31 31 31 16 16 16 16 16 16 18 16 16 31 31 31 31 31 31 31 31 31 31 31 20 22 4 16 20 20 20 4 4 4 4 20 4 4 20 20 20 20 31 31 31 31 31 31 31 31 31 31 31 31 31 4 30 30 4 16 21 31 31 31 31 31 31 31 31 31 16 21 4 30 30 30 31 31 31 31 31 31 31 31 31 31 31 31 31 20 30 31 4 4 21 16 4 16 4 4 31 31 31 31 31 31 31 31 31 31 31 31 31 31
31 31 31 31 31 31 31 31 31 31 31 31 31 31 31 31 31 31 31 31 31 16 16 16 18 18 16 31 31 31 31 31 31 31 31 31 31 20 4 22 4 20 20 20 20 20 20 20 20 20 20 20 20 20 20 20 4 31 31 31 31 31 31 31 31 31 31 31 31 21 16 20 20 21 20 31 31 31 31 31 31 31 31 31 31 21 30 20 16 21 16 31 31 31 31 31 31 31 31 31 31 31 31 21 30 30 30 16 16 21 20 16 20 21 31 31 31 31 31 31 31 31 31 31 31 31 31 31
31 31 31 31 31 31 31 31 31 31 31 31 31 31 31 31 31 31 31 31 31 16 16 16 16 16 16 31 31 31 31 31 31 31 31 31 20 20 20 20 20 16 16 16 16 16 16 20 4 20 20 16 16 16 20 20 4 31 31 31 31 31 31 31 31 31 31 31 31 16 16 16 16 21 16 31 31 31 31 31 31 31 31 31 31 16 21 20 16 4 20 31 31 31 31 31 31 31 31 31 31 31 31 20 4 21 4 20 31 16 16 16 16 16 31 31 31 31 31 31 31 31 31 31 31 31 31 31
31 31 31 31 31 31 31 31 31 31 31 31 31 31 31 31 31 31 31 31 31 31 31 31 31 31 31 31 31 31 31 31 31 31 31 31 20 4 4 30 20 5 16 16 20 20 20 16 16 16 20 20 16 16 16 20 20 31 31 31 31 31 31 31 31 31 31 31 16 16 16 16 16 16 31 31 31 31 31 31 31 31 31 31 31 16 16 16 16 16 16 16 31 31 31 31 31 31 31 31 31 31 31 16 4 4 4 16 31 16 16 16 16 16 31 31 31 31 31 31 31 31 31 31 31 31 31 31
31 31 31 31 31 31 31 31 31 5 5 31 30 22 22 31 15 16 5 31 31 31 31 31 31 31 31 31 31 31 31 31 31 31 31 31 20 4 31 4 4 5 0 16 20 20 20 20 20 4 20 16 31 31 16 20 20 20 31 31 31 31 31 31 31 31 31 31 31 31 31 31 31 31 31 31 31 31 31 31 31 31 31 31 31 16 16 16 16 16 16 16 31 31 31 31 31 31 31 31 31 31 31 20 20 18 20 20 31 16 16 16 16 16 31 31 31 31 31 31 31 31 31 31 31 31 31 31
31 31 31 31 31 31 31 31 16 13 16 4 31 31 31 4 4 20 21 16 31 31 31 31 31 31 31 31 31 31 31 31 31 31 31 31 5 21 4 31 5 0 20 16 20 16 20 20 20 20 20 20 16 31 20 4 20 20 31 31 31 31 31 31 31 31 31 31 31 31 31 31 31 31 31 31 31 31 31 31 31 31 31 31 31 31 16 16 16 16 16 31 31 31 31 31 31 31 31 31 31 31 31 16 16 21 16 16 31 31 31 31 31 31 31 31 31 31 31 31 31 31 31 31 31 31 31 31
31 31 31 31 31 31 31 31 31 18 16 20 4 4 4 4 4 31 31 31 31 31 31 31 31 31 31 31 31 31 31 31 31 31 31 31 21 5 20 20 5 21 20 20 20 20 4 20 20 4 20 4 20 31 16 20 20 20 31 31 31 31 31 31 31 31 31 31 31 31 31 31 31 31 31 31 31 31 31 31 31 31 31 31 31 31 31 31 31 31 31 31 31 31 31 31 31 31 31 31 31 31 31 16 21 5 21 16 31 31 31 31 31 31 31 31 31 31 31 31 31 31 31 31 31 31 31 31
31 31 31 31 31 31 31 31 31 31 31 16 4 15 4 15 16 4 4 31 31 31 31 31 31 31 31 31 31 31 31 31 31 31 31 31 21 5 5 5 5 31 20 20 4 4 20 20 20 4 4 4 21 31 31 20 20 20 31 31 31 31 31 31 31 31 31 31 31 31 31 31 31 5 4 31 31 4 4 31 31 31 5 21 31 31 31 31 31 31 31 31 31 31 31 31 31 31 31 31 31 31 31 31 31 31 31 31 31 31 31 31 31 31 31 31 31 31 31 31 31 31 31 31 31 31 31 31
31 31 31 31 31 31 31 31 20 20 16 22 20 16 20 20 22 4 30 22 31 31 31 31 31 31 31 31 31 31 31 31 31 31 31 31 31 31 21 31 31 31 20 4 20 4 4 20 4 4 4 4 16 16 31 31 4 20 21 31 31 31 31 31 31 31 31 31 31 31 31 31 21 5 21 22 31 31 31 22 31 4 21 29 16 31 31 31 31 31 31 31 31 31 31 31 31 31 31 31 31 31 31 31 31 31 31 31 31 31 31 31 31 31 31 31 31 31 31 31 31 31 31 31 31 31 31 31
31 31 31 31 31 31 31 20 22 20 16 4 20 20 31 4 16 20 4 4 30 31 31 31 31 31 31 31 31 31 31 31 31 31 31 31 31 31 31 31 5 21 4 30 31 30 20 20 20 20 20 20 20 21 16 5 20 4 5 21 31 31 31 31 31 31 31 31 31 31 31 31 16 5 16 20 4 22 22 20 20 20 16 21 31 31 31 31 31 31 31 31 31 31 31 31 31 31 31 31 31 31 31 31 5 5 31 30 31 31 31 15 16 5 31 31 31 31 31 31 31 31 31 31 31 31 31 31
31 31 31 31 31 31 31 20 4 20 20 20 20 20 16 4 20 4 4 20 4 4 4 31 31 31 31 31 31 31 31 31 31 31 31 31 31 31 31 31 31 20 4 4 20 4 20 20 21 4 30 4 20 21 16 5 4 20 5 31 31 31 31 31 31 31 31 31 31 31 31 31 31 31 31 20 31 31 31 31 20 31 31 31 31 31 31 31 31 31 31 31 31 31 31 31 31 31 31 31 31 31 31 16 13 16 4 31 31 31 4 4 20 5 16 31 31 31 31 31 31 31 31 31 31 31 31 31
31 31 31 31 31 31 4 31 4 4 31 20 20 20 20 20 4 20 20 16 4 4 31 30 31 31 31 31 31 31 31 31 31 31 31 31 31 31 31 31 21 4 20 20 20 20 20 16 20 20 4 30 4 20 5 31 20 20 5 31 31 31 31 31 31 31 31 31 31 31 31 31 31 31 31 22 16 20 20 20 4 31 31 31 31 31 31 31 31 31 31 31 31 31 31 31 31 31 31 31 31 31 31 31 18 5 20 4 4 31 4 4 16 16 31 31 31 31 31 31 31 31 31 31 31 31 31 31
31 31 31 31 31 20 4 31 4 31 4 4 20 16 16 16 20 20 16 20 16 20 4 4 31 31 5 31 31 31 31 31 31 31 31 31 31 31 31 31 20 20 20 20 20 21 21 31 31 20 20 4 4 4 21 5 4 21 21 31 31 31 31 31 31 31 31 31 31 31 31 31 31 31 4 31 20 22 22 4 31 20 31 31 31 31 31 31 31 31 31 31 31 31 31 31 31 31 31 31 31 31 31 31 31 31 16 4 15 4 15 16 31 31 31 31 31 31 31 31 31 31 31 31 31 31 31 31
31 31 31 31 31 20 4 31 4 4 20 20 20 16 16 20 20 20 31 31 20 20 20 20 20 4 4 5 31 31 31 31 31 31 31 31 31 31 31 31 20 20 20 20 21 21 16 31 31 31 21 20 4 4 20 16 0 21 31 31 31 31 31 31 31 31 31 31 31 31 31 31 31 4 16 20 31 4 4 31 20 16 4 31 31 31 31 31 31 31 31 31 31 31 31 31 31 31 31 31 31 31 31 31 31 31 22 20 16 20 20 22 31 31 31 31 31 31 31 31 31 31 31 31 31 31 31 31
31 31 31 31 31 31 20 4 20 4 20 4 20 20 20 16 16 31 31 31 31 31 20 20 4 20 20 5 31 31 31 31 31 31 31 31 31 31 31 31 4 4 20 20 21 21 31 31 31 31 21 20 4 4 20 21 21 31 21 31 31 31 31 31 31 31 31 31 31 31 31 4 30 20 20 20 31 20 4 31 20 16 16 4 4 4 31 31 31 31 31 31 31 31 31 31 31 31 31 31 31 31 31 31 31 4 4 20 20 31 4 0 4 31 31 31 31 31 31 31 31 31 31 31 31 31 31 31
31 31 31 31 31 31 31 20 20 31 31 16 20 16 16 16 20 31 31 31 31 31 31 21 16 20 20 21 31 31 31 31 31 31 31 31 31 31 31 31 4 4 20 20 21 16 31 31 31 31 31 21 20 21 20 4 20 31 31 31 31 31 31 31 31 31 31 31 31 31 4 22 31 4 4 4 4 18 21 20 16 4 20 4 22 4 4 31 31 31 31 31 31 31 31 31 31 31 31 31 31 31 31 31 4 20 20 20 20 16 4 20 20 20 31 31 31 31 31 31 31 31 31 31 31 31 31 31
31 31 31 31 31 20 30 31 4 31 31 20 20 16 20 20 20 31 31 31 31 31 31 21 5 5 21 16 31 31 31 31 31 31 31 31 31 31 31 21 30 30 30 4 21 16 31 31 31 31 31 16 21 4 4 30 20 31 31 31 31 31 31 31 31 31 31 31 31 20 20 4 4 4 4 4 4 20 20 4 4 4 4 20 4 4 16 20 31 31 31 31 31 31 31 31 31 31 31 31 31 4 31 4 4 4 4 4 4 4 4 4 4 20 22 4 31 31 31 31 31 31 31 31 31 31 31 31
31 31 31 31 31 20 4 31 4 4 4 16 20 20 4 16 20 20 31 31 31 31 31 5 21 21 21 31 31 31 31 31 31 31 31 31 31 31 31 4 30 4 4 4 20 31 31 31 31 31 31 16 4 4 30 4 4 20 31 31 31 31 31 31 31 31 31 31 31 16 20 20 20 4 4 4 4 16 20 4 4 4 20 20 20 16 16 20 31 31 31 31 31 31 31 31 31 31 31 31 4 20 31 4 31 31 31 20 16 16 20 20 31 30 31 4 4 31 31 31 31 31 31 31 31 31 31 31
31 31 31 31 31 31 16 4 31 31 20 4 16 20 20 20 4 4 31 31 31 31 31 5 16 31 31 31 31 31 31 31 31 31 31 31 31 31 20 31 31 4 4 20 16 31 31 31 31 31 31 16 20 4 4 4 4 20 31 31 31 31 31 31 31 31 31 31 31 20 20 20 20 20 20 20 20 20 20 20 20 20 20 20 16 20 30 20 20 31 31 31 31 31 31 31 31 31 31 20 20 4 20 4 4 30 30 30 4 4 4 4 4 4 4 4 20 31 31 31 31 31 31 31 31 31 31 31
31 31 31 31 31 30 16 20 4 31 31 31 31 4 20 5 31 26 5 31 31 31 21 31 31 31 31 31 31 31 31 31 31 31 31 31 31 31 20 4 30 30 20 20 31 31 31 31 31 31 31 31 20 20 4 4 4 20 31 31 31 31 31 31 31 31 31 31 4 4 4 20 16 20 20 20 20 20 20 20 20 20 16 20 16 20 20 20 20 31 31 31 31 31 31 31 31 31 31 20 20 22 4 20 20 20 4 4 4 4 20 4 4 20 20 20 20 31 31 31 31 31 31 31 31 31 31 31
31 31 31 31 21 4 21 20 20 4 4 22 30 31 31 31 31 30 30 27 31 31 31 31 31 31 31 31 31 31 31 31 31 31 31 31 31 4 30 30 4 16 21 31 31 31 31 31 31 31 31 31 16 20 4 30 30 30 31 31 31 31 31 31 31 31 31 31 4 20 20 16 16 16 16 20 20 20 20 20 16 16 20 16 16 20 20 20 20 20 31 31 31 31 31 31 31 31 31 20 4 22 4 20 20 20 20 20 20 20 20 20 20 20 20 20 20 4 31 31 31 31 31 31 31 31 31 31
31 31 31 31 4 20 21 20 20 20 20 20 20 21 20 4 4 30 31 31 31 31 31 31 31 31 31 31 31 31 31 31 31 31 31 31 31 20 16 4 20 21 4 31 31 31 31 31 31 31 31 31 31 21 30 20 16 21 16 31 31 31 31 31 31 31 31 16 20 20 16 16 0 0 20 20 16 20 20 16 16 16 16 20 0 20 20 20 4 4 20 31 31 31 31 31 31 31 20 20 20 4 20 0 16 16 16 16 20 4 20 20 16 16 16 20 20 4 31 31 31 31 31 31 31 31 31 31
31 31 31 31 4 21 16 21 21 16 21 21 5 5 5 5 5 4 5 26 31 31 31 31 31 31 31 31 31 31 31 31 31 31 31 31 31 16 18 16 16 21 16 31 31 31 31 31 31 31 31 31 31 16 21 20 16 4 20 31 31 31 31 31 31 31 31 20 4 20 16 0 0 16 20 20 4 20 20 4 20 16 0 0 0 0 0 4 31 4 4 31 31 31 31 31 31 31 4 15 4 4 20 16 16 16 20 20 16 16 20 20 20 16 16 16 20 20 31 31 31 31 31 31 31 31 31 31
31 31 31 31 20 21 21 21 21 21 5 27 5 5 5 5 5 27 4 4 31 31 31 31 31 31 31 31 31 31 31 31 31 31 31 31 16 16 18 18 16 16 31 31 31 31 31 31 31 31 31 31 31 16 16 16 18 16 16 16 31 31 31 31 31 31 31 4 31 22 20 0 0 20 20 4 16 20 20 20 20 16 16 0 0 0 0 4 31 4 20 31 31 31 31 31 31 31 4 31 4 15 20 4 4 4 20 4 20 20 4 20 16 0 16 16 20 20 31 31 31 31 31 31 31 31 31 31
31 31 31 20 20 21 21 16 16 21 16 21 21 16 16 5 20 4 4 4 31 31 31 31 31 31 31 31 31 31 31 31 31 31 31 31 31 31 31 31 31 31 31 31 31 31 31 31 31 31 31 31 31 16 16 16 18 18 16 16 31 31 31 31 31 31 31 4 31 4 20 0 20 4 4 20 20 20 20 20 16 21 20 20 0 0 0 20 31 4 20 31 31 31 31 31 31 31 16 20 4 31 31 4 4 31 16 20 20 20 20 20 20 0 16 20 4 20 31 31 31 31 31 31 31 31 31 31
31 31 31 4 20 21 16 16 16 16 31 31 31 31 16 21 20 20 20 4 21 31 31 31 31 31 31 31 31 31 31 31 31 31 31 31 31 31 31 31 31 31 31 31 31 31 31 31 31 31 31 31 31 31 16 16 16 16 16 31 31 31 31 31 31 31 31 4 30 4 20 0 0 4 4 4 20 20 20 4 20 20 21 16 0 0 0 20 31 20 20 31 31 31 31 31 31 31 31 20 20 20 20 20 20 4 5 4 20 20 4 20 4 20 16 20 20 20 31 31 31 31 31 31 31 31 31 31
31 31 31 4 4 20 21 16 16 31 31 31 31 31 31 16 16 20 20 30 4 31 31 31 31 31 31 31 31 31 31 31 31 31 31 31 31 31 31 31 31 31 31 31 31 31 31 31 31 31 31 31 31 31 31 31 31 31 31 31 31 31 31 31 31 31 31 16 31 4 0 21 20 4 30 30 20 4 4 20 20 4 4 16 0 21 31 4 22 20 31 31 31 31 31 31 31 31 31 31 31 31 16 20 21 21 4 20 20 4 4 22 4 21 20 20 20 31 31 31 31 31 31 31 31 31 31 31
31 31 31 4 4 20 21 16 31 31 31 31 31 31 31 16 21 4 30 30 30 20 31 31 31 31 31 31 31 31 31 31 31 31 31 31 31 31 31 31 31 31 31 31 31 31 31 31 31 31 31 31 31 31 31 31 31 31 31 31 31 31 31 31 31 31 31 16 22 4 4 5 16 4 4 4 4 20 20 20 20 20 21 16 0 4 20 4 20 20 31 31 31 31 31 31 31 31 31 31 31 31 16 16 21 20 16 4 4 4 4 30 30 4 16 20 20 31 31 31 31 31 31 31 31 31 31 31
31 31 16 20 20 20 16 16 31 31 31 31 31 31 31 31 16 4 4 30 31 4 31 31 31 31 31 31 31 31 31 31 31 31 31 31 31 31 31 31 31 31 31 31 31 31 31 31 31 31 31 31 31 31 31 31 31 31 31 31 31 31 31 31 31 31 31 31 4 4 30 20 20 20 4 30 4 4 21 21 20 20 20 20 16 21 20 20 16 21 31 31 31 31 31 31 31 31 31 31 31 31 16 21 21 21 21 16 20 4 30 30 4 4 4 20 31 31 31 31 31 31 31 31 31 31 31 31
31 31 4 4 4 20 16 31 31 31 31 31 31 31 31 31 20 21 20 4 30 4 31 31 31 31 31 31 31 31 31 31 31 31 31 31 31 31 31 31 31 31 31 31 31 31 31 31 31 31 31 31 31 31 31 31 31 31 31 31 31 31 31 31 31 31 31 31 16 4 20 20 20 4 4 4 20 16 16 21 20 20 20 20 16 21 21 21 21 31 31 31 31 31 31 31 31 31 31 31 31 31 31 21 16 16 16 16 21 30 31 4 4 20 21 31 31 31 31 31 31 31 31 31 31 31 31 31
31 31 16 16 16 16 16 31 31 31 31 31 31 31 31 31 16 20 21 30 31 31 4 31 31 31 31 31 31 31 31 31 31 31 31 31 31 31 31 31 31 31 31 31 31 31 31 31 31 31 31 31 31 31 31 31 31 31 31 31 31 31 31 31 31 31 31 31 31 21 21 21 20 4 4 20 21 21 16 16 21 20 20 16 16 31 31 31 31 31 31 31 31 31 31 31 31 31 31 31 31 31 31 16 16 16 16 16 21 4 4 4 4 16 5 21 31 31 31 31 31 31 31 31 31 31 31 31
31 31 4 20 16 16 16 31 31 31 31 31 31 31 31 31 31 16 4 20 21 21 16 31 31 31 31 31 31 31 31 31 31 31 31 31 31 31 31 31 31 31 31 31 31 31 31 31 31 31 31 31 31 31 31 31 31 31 31 31 31 31 31 31 31 31 31 31 31 31 31 31 20 20 20 20 21 16 0 16 21 21 21 16 31 31 31 31 31 31 31 31 31 31 31 31 31 31 31 31 31 31 31 16 16 16 16 16 16 4 4 4 4 4 31 31 31 31 31 31 31 31 31 31 31 31 31 31
31 16 16 16 16 16 16 31 31 31 31 31 31 31 31 31 31 31 16 20 4 16 16 16 31 31 31 31 31 31 31 31 31 31 31 31 31 31 31 31 31 31 31 31 31 31 31 31 31 31 31 31 31 31 31 31 31 31 31 31 31 31 31 31 31 31 31 31 31 31 31 31 21 20 20 20 21 16 0 16 16 16 16 16 31 31 31 31 31 31 31 31 31 31 31 31 31 31 31 31 31 31 31 31 21 16 16 16 16 20 4 4 4 20 31 31 31 31 31 31 31 31 31 31 31 31 31 31
31 16 16 16 16 16 16 31 31 31 31 31 31 31 31 31 31 31 16 21 16 16 16 20 31 31 31 31 31 31 31 31 31 31 31 31 31 31 31 31 31 31 31 31 31 31 31 31 31 31 31 31 31 31 31 31 31 31 31 31 31 31 31 31 31 31 31 31 31 31 31 31 16 20 20 21 21 31 16 21 20 20 20 20 31 31 31 31 31 31 31 31 31 31 31 31 31 31 31 31 31 31 31 31 16 16 16 16 16 20 20 4 20 20 31 31 31 31 31 31 31 31 31 31 31 31 31 31
31 31 31 31 31 31 31 31 31 31 31 31 31 31 31 31 31 31 16 16 16 16 16 16 31 31 31 31 31 31 31 31 31 31 31 31 31 31 31 31 31 31 31 31 31 31 31 31 31 31 31 31 31 31 31 31 31 31 31 31 31 31 31 31 31 31 31 31 31 31 31 16 4 4 21 4 21 31 16 20 4 30 30 4 20 31 31 31 31 31 31 31 31 31 31 31 31 31 31 31 31 31 31 31 4 21 20 16 20 16 20 21 4 21 31 31 31 31 31 31 31 31 31 31 31 31 31 31
31 31 31 31 31 31 31 31 31 31 31 31 31 31 31 31 31 31 31 16 16 16 16 16 31 31 31 31 31 31 31 31 31 31 31 31 31 31 31 31 31 31 31 31 31 31 31 31 31 31 31 31 31 31 31 31 31 31 31 31 31 31 31 31 31 31 31 31 31 31 31 4 30 30 30 4 20 31 31 20 4 30 30 4 20 31 31 31 31 31 31 31 31 31 31 31 31 31 31 31 31 31 31 20 20 20 20 16 16 21 4 20 31 20 31 31 31 31 31 31 31 31 31 31 31 31 31 31
31 31 31 31 31 31 31 31 31 31 31 31 31 31 31 31 31 31 31 31 31 31 31 31 31 31 31 31 31 31 31 31 31 31 31 31 31 31 31 31 31 31 31 31 31 31 31 31 31 31 31 31 31 31 31 31 31 31 31 31 31 31 31 31 31 31 31 31 31 31 31 20 4 30 4 4 20 31 31 16 4 20 30 4 31 31 31 31 31 31 31 31 31 31 31 31 31 31 31 31 31 31 31 21 20 4 20 16 21 4 4 30 4 20 31 31 31 31 31 31 31 31 31 31 31 31 31 31
31 31 31 31 31 31 31 31 31 31 31 31 31 31 31 31 31 31 31 31 31 31 31 31 31 31 31 31 31 31 31 31 31 31 31 31 31 31 31 31 31 31 31 31 31 31 31 31 31 31 31 31 31 31 31 31 31 31 31 31 31 31 31 31 31 31 31 31 31 31 31 16 4 30 4 4 16 31 31 16 4 4 4 4 4 31 31 31 31 31 31 31 31 31 31 31 31 31 31 31 31 31 31 31 21 20 21 16 20 4 4 31 30 4 31 31 31 31 31 31 31 31 31 31 31 31 31 31
31 31 31 31 31 31 31 31 21 5 31 31 31 4 4 31 31 4 5 31 31 31 31 31 31 31 31 31 31 31 31 31 31 31 31 31 31 31 31 31 31 31 31 31 31 31 31 31 31 31 31 31 31 31 31 31 31 31 31 31 31 31 31 31 31 31 31 31 31 31 31 31 30 31 30 4 16 31 31 31 20 20 4 30 4 31 31 31 31 31 31 31 31 31 31 31 31 31 31 31 31 31 31 4 4 16 4 16 21 4 4 31 30 20 31 31 31 31 31 31 31 31 31 31 31 31 31 31
31 31 31 31 31 31 31 16 29 21 4 31 22 31 31 31 22 21 5 21 31 31 31 31 31 31 31 31 31 31 31 31 31 31 31 31 31 31 31 31 31 31 31 31 31 31 31 31 31 31 31 31 31 31 31 31 31 31 31 31 31 31 31 31 31 31 31 31 31 31 31 16 4 20 20 4 31 31 31 31 20 16 16 21 16 4 31 31 31 31 31 31 31 31 31 31 31 31 31 31 31 31 31 21 20 16 20 21 16 16 30 30 30 21 31 31 31 31 31 31 31 31 31 31 31 31 31 31
31 31 31 31 31 31 31 31 21 16 20 20 20 22 22 4 20 16 5 16 31 31 31 31 31 31 31 31 31 31 31 31 31 31 31 31 31 31 31 31 31 31 31 31 31 31 31 31 31 31 31 31 31 31 31 31 31 31 31 31 31 31 31 31 31 31 31 31 31 31 31 21 20 16 20 4 16 31 31 31 21 16 21 5 21 16 31 31 31 31 31 31 31 31 31 31 31 31 31 31 31 31 31 16 16 16 16 16 31 20 4 21 4 20 31 31 31 31 31 31 31 31 31 31 31 31 31 31
31 31 31 31 31 31 31 31 31 31 4 20 31 31 31 31 20 31 31 31 31 31 31 31 31 31 31 31 31 31 31 31 31 31 31 31 31 31 31 31 31 31 31 31 31 31 31 31 31 31 31 31 31 31 31 31 31 31 31 31 31 31 31 31 31 31 31 31 31 31 31 16 16 21 16 16 16 31 31 31 16 16 16 16 16 16 31 31 31 31 31 31 31 31 31 31 31 31 31 31 31 31 31 16 16 16 16 16 31 16 4 4 4 16 31 31 31 31 31 31 31 31 31 31 31 31 31 31
31 31 31 31 31 31 31 31 31 31 31 4 20 20 20 16 22 31 31 31 31 31 31 31 31 31 31 31 31 31 31 31 31 31 31 31 31 31 31 31 31 31 31 31 31 31 31 31 31 31 31 31 31 31 31 31 31 31 31 31 31 31 31 31 31 31 31 31 31 31 31 16 21 21 16 16 16 31 31 31 31 31 31 31 31 31 31 31 31 31 31 31 31 31 31 31 31 31 31 31 31 31 31 16 16 16 16 16 31 20 20 18 20 20 31 31 31 31 31 31 31 31 31 31 31 31 31 31
31 31 31 31 31 31 31 31 31 31 20 31 4 22 22 20 31 4 31 31 31 31 31 31 31 31 31 31 31 31 31 31 31 31 31 31 31 31 31 31 31 31 31 31 31 31 31 31 31 31 31 31 31 31 31 31 31 31 31 31 31 31 31 31 31 31 31 31 31 31 31 16 16 16 16 16 31 31 31 31 31 31 31 31 31 31 31 31 31 31 31 31 31 31 31 31 31 31 31 31 31 31 31 31 31 31 31 31 31 16 16 21 16 16 31 31 31 31 31 31 31 31 31 31 31 31 31 31
31 31 31 31 31 31 31 31 31 4 16 20 31 4 4 31 20 16 4 31 31 31 31 31 31 31 31 31 31 31 31 31 31 31 31 31 31 31 31 31 31 31 31 31 31 31 31 31 31 31 31 31 31 31 31 31 31 31 31 31 31 31 31 31 31 31 31 31 31 31 31 31 31 31 31 31 31 31 31 31 31 31 31 31 31 31 31 31 31 31 31 31 31 31 31 31 31 31 31 31 31 31 31 31 31 31 31 31 31 16 21 5 21 16 31 31 31 31 31 31 31 31 31 31 31 31 31 31
31 31 31 31 31 31 4 4 4 16 16 20 31 4 20 31 20 20 20 30 4 31 31 31 31 31 31 31 31 31 31 31 31 31 31 31 31 31 31 31 31 31 31 31 31 31 31 31 31 31 31 31 31 31 31 31 31 31 31 31 31 31 31 31 31 31 31 31 31 31 31 31 31 31 31 31 31 31 31 31 31 31 31 31 31 31 31 31 31 31 31 31 31 31 31 31 31 31 31 31 31 31 31 31 31 31 31 31 31 31 31 31 31 31 31 31 31 31 31 31 31 31 31 31 31 31 31 31
31 31 31 31 31 4 4 22 4 20 4 16 20 21 18 4 4 4 4 31 22 4 31 31 31 31 31 31 31 31 31 31 31 31 31 31 31 31 31 31 31 31 31 31 31 31 31 31 31 31 31 31 31 31 31 31 31 31 31 31 31 31 31 31 31 31 31 31 31 31 31 31 31 31 31 31 31 31 31 31 31 31 31 31 31 31 31 31 31 31 31 31 31 31 31 31 31 31 31 31 31 31 31 31 31 31 31 31 31 31 31 31 31 31 31 31 31 31 31 31 31 31 31 31 31 31 31 31
31 31 31 31 20 16 4 4 20 4 4 4 4 20 20 4 4 4 4 4 4 20 20 31 31 31 31 31 31 31 31 31 31 31 31 31 31 31 31 31 31 31 31 31 31 31 31 31 31 31 31 31 31 31 31 31 31 31 31 31 31 31 31 31 31 31 31 31 31 31 31 31 31 31 31 31 31 31 31 31 31 31 31 31 31 31 31 31 31 31 31 31 31 31 31 31 31 31 31 31 31 31 31 31 31 31 31 31 31 31 31 31 31 31 31 31 31 31 31 31 31 31 31 31 31 31 31 31
31 31 31 31 20 16 16 20 20 20 4 4 4 20 16 4 4 4 4 20 20 20 16 31 31 31 31 31 31 31 31 31 31 31 31 31 31 31 31 31 31 31 31 31 31 31 31 31 31 31 31 31 31 31 31 31 31 31 31 31 31 31 31 31 31 31 31 31 31 31 31 31 31 31 31 31 31 31 31 31 31 31 31 31 31 31 31 31 31 31 31 31 31 31 31 31 31 31 31 31 31 31 31 31 31 31 31 31 31 31 31 31 31 31 31 31 31 31 31 31 31 31 31 31 31 31 31 31
31 31 31 20 20 30 20 16 20 20 20 20 20 20 20 20 20 20 20 20 20 20 20 31 31 31 31 31 31 31 31 31 31 31 31 31 31 31 31 31 31 31 31 31 31 31 31 31 31 31 31 31 31 31 31 31 31 31 31 31 31 31 31 31 31 31 31 31 31 31 31 31 31 31 31 31 31 31 31 31 31 31 31 31 31 31 31 31 31 31 31 31 31 31 31 31 31 31 31 31 31 31 31 31 31 31 31 31 31 31 31 31 31 31 31 31 31 31 31 31 31 31 31 31 31 31 31 31
31 31 31 20 20 20 20 16 20 16 20 20 20 20 20 20 20 20 20 16 20 4 4 4 31 31 31 31 31 31 31 31 31 31 31 31 31 31 31 31 31 31 31 31 31 31 31 31 31 31 31 31 31 31 31 31 31 31 31 31 31 31 31 31 31 31 31 31 31 31 31 31 31 31 31 31 31 31 31 31 31 31 31 31 31 31 31 31 31 31 31 31 31 31 31 31 31 31 31 31 31 31 31 31 31 31 31 31 31 31 31 31 31 31 31 31 31 31 31 31 31 31 31 31 31 31 31 31
31 31 20 20 20 20 20 16 16 20 16 16 20 20 20 20 20 16 16 16 16 20 20 4 31 31 31 31 31 31 31 31 31 31 31 31 31 31 31 31 31 31 31 31 31 31 31 31 31 31 31 31 31 31 31 31 31 31 31 31 31 31 31 31 31 31 31 31 31 31 31 31 31 31 31 31 31 31 31 31 31 31 31 31 31 31 31 31 31 31 31 31 31 31 31 31 31 31 31 31 31 31 31 31 31 31 31 31 31 31 31 31 31 31 31 31 31 31 31 31 31 31 31 31 31 31 31 31
31 20 4 4 20 20 20 0 20 16 16 16 16 20 20 16 20 20 0 0 16 16 20 20 16 31 31 31 31 31 31 31 31 31 31 31 31 31 31 31 31 31 31 31 31 31 31 31 31 31 31 31 31 31 31 31 31 31 31 31 31 31 31 31 31 31 31 31 31 31 31 31 31 31 31 31 31 31 31 31 31 31 31 31 31 31 31 31 31 31 31 31 31 31 31 31 31 31 31 31 31 31 31 31 31 31 31 31 31 31 31 31 31 31 31 31 31 31 31 31 31 31 31 31 31 31 31 31
31 4 4 31 4 0 0 0 0 0 16 20 4 20 20 4 20 20 16 0 0 16 20 4 20 31 31 31 31 31 31 31 31 31 31 31 31 31 31 31 31 31 31 31 31 31 31 31 31 31 31 31 31 31 31 31 31 31 31 31 31 31 31 31 31 31 31 31 31 31 31 31 31 31 31 31 31 31 31 31 31 31 31 31 31 31 31 31 31 31 31 31 31 31 31 31 31 31 31 31 31 31 31 31 31 31 31 31 31 31 31 31 31 31 31 31 31 31 31 31 31 31 31 31 31 31 31 31
31 20 4 31 4 0 0 0 0 16 16 20 20 20 20 16 4 20 20 0 0 20 22 31 4 31 31 31 31 31 31 31 31 31 31 31 31 31 31 31 31 31 31 31 31 31 31 31 31 31 31 31 31 31 31 31 31 31 31 31 31 31 31 31 31 31 31 31 31 31 31 31 31 31 31 31 31 31 31 31 31 31 31 31 31 31 31 31 31 31 31 31 31 31 31 31 31 31 31 31 31 31 31 31 31 31 31 31 31 31 31 31 31 31 31 31 31 31 31 31 31 31 31 31 31 31 31 31
31 20 4 31 20 0 0 0 20 20 21 16 20 20 20 20 20 4 4 20 0 20 4 31 4 31 31 31 31 31 31 31 31 31 31 31 31 31 31 31 31 31 31 31 31 31 31 31 31 31 31 31 31 31 31 31 31 31 31 31 31 31 31 31 31 31 31 31 31 31 31 31 31 31 31 31 31 31 31 31 31 31 31 31 31 31 31 31 31 31 31 31 31 31 31 31 31 31 31 31 31 31 31 31 31 31 31 31 31 31 31 31 31 31 31 31 31 31 31 31 31 31 31 31 31 31 31 31
31 20 20 31 20 0 0 0 16 21 20 20 4 20 20 20 4 4 4 0 0 20 4 30 4 31 31 31 31 31 31 31 31 31 31 31 31 31 31 31 31 31 31 31 31 31 31 31 31 31 31 31 31 31 31 31 31 31 31 31 31 31 31 31 31 31 31 31 31 31 31 31 31 31 31 31 31 31 31 31 31 31 31 31 31 31 31 31 31 31 31 31 31 31 31 31 31 31 31 31 31 31 31 31 31 31 31 31 31 31 31 31 31 31 31 31 31 31 31 31 31 31 31 31 31 31 31 31
31 31 20 22 4 31 21 0 16 4 4 20 20 4 4 20 30 30 4 20 21 0 4 31 16 31 31 31 31 31 31 31 31 31 31 31 31 31 31 31 31 31 31 31 31 31 31 31 31 31 31 31 31 31 31 31 31 31 31 31 31 31 31 31 31 31 31 31 31 31 31 31 31 31 31 31 31 31 31 31 31 31 31 31 31 31 31 31 31 31 31 31 31 31 31 31 31 31 31 31 31 31 31 31 31 31 31 31 31 31 31 31 31 31 31 31 31 31 31 31 31 31 31 31 31 31 31 31
31 31 20 20 4 20 4 0 16 21 20 20 20 20 20 4 4 4 4 16 5 4 4 22 16 31 31 31 31 31 31 31 31 31 31 31 31 31 31 31 31 31 31 31 31 31 31 31 31 31 31 31 31 31 31 31 31 31 31 31 31 31 31 31 31 31 31 31 31 31 31 31 31 31 31 31 31 31 31 31 31 31 31 31 31 31 31 31 31 31 31 31 31 31 31 31 31 31 31 31 31 31 31 31 31 31 31 31 31 31 31 31 31 31 31 31 31 31 31 31 31 31 31 31 31 31 31 31
31 31 21 16 20 20 21 16 20 20 20 20 21 21 4 4 30 4 20 20 20 30 4 4 31 31 31 31 31 31 31 31 31 31 31 31 31 31 31 31 31 31 31 31 31 31 31 31 31 31 31 31 31 31 31 31 31 31 31 31 31 31 31 31 31 31 31 31 31 31 31 31 31 31 31 31 31 31 31 31 31 31 31 31 31 31 31 31 31 31 31 31 31 31 31 31 31 31 31 31 31 31 31 31 31 31 31 31 31 31 31 31 31 31 31 31 31 31 31 31 31 31 31 31 31 31 31 31
31 31 31 21 21 21 21 16 20 20 20 20 21 16 16 20 4 4 4 20 20 20 4 16 31 31 31 31 31 31 31 31 31 31 31 31 31 31 31 31 31 31 31 31 31 31 31 31 31 31 31 31 31 31 31 31 31 31 31 31 31 31 31 31 31 31 31 31 31 31 31 31 31 31 31 31 31 31 31 31 31 31 31 31 31 31 31 31 31 31 31 31 31 31 31 31 31 31 31 31 31 31 31 31 31 31 31 31 31 31 31 31 31 31 31 31 31 31 31 31 31 31 31 31 31 31 31 31
31 31 31 31 31 31 31 16 16 20 20 21 16 16 21 21 20 4 4 20 21 21 21 31 31 31 31 31 31 31 31 31 31 31 31 31 31 31 31 31 31 31 31 31 31 31 31 31 31 31 31 31 31 31 31 31 31 31 31 31 31 31 31 31 31 31 31 31 31 31 31 31 31 31 31 31 31 31 31 31 31 31 31 31 31 31 31 31 31 31 31 31 31 31 31 31 31 31 31 31 31 31 31 31 31 31 31 31 31 31 31 31 31 31 31 31 31 31 31 31 31 31 31 31 31 31 31 31
31 31 31 31 31 31 31 31 16 21 21 21 16 0 16 21 20 20 20 20 31 31 31 31 31 31 31 31 31 31 31 31 31 31 31 31 31 31 31 31 31 31 31 31 31 31 31 31 31 31 31 31 31 31 31 31 31 31 31 31 31 31 31 31 31 31 31 31 31 31 31 31 31 31 31 31 31 31 31 31 31 31 31 31 31 31 31 31 31 31 31 31 31 31 31 31 31 31 31 31 31 31 31 31 31 31 31 31 31 31 31 31 31 31 31 31 31 31 31 31 31 31 31 31 31 31 31 31
31 31 31 31 31 31 31 31 16 16 16 16 16 0 16 21 20 20 20 21 31 31 31 31 31 31 31 31 31 31 31 31 31 31 31 31 31 31 31 31 31 31 31 31 31 31 31 31 31 31 31 31 31 31 31 31 31 31 31 31 31 31 31 31 31 31 31 31 31 31 31 31 31 31 31 31 31 31 31 31 31 31 31 31 31 31 31 31 31 31 31 31 31 31 31 31 31 31 31 31 31 31 31 31 31 31 31 31 31 31 31 31 31 31 31 31 31 31 31 31 31 31 31 31 31 31 31 31
31 31 31 31 31 31 31 31 20 20 20 20 21 16 31 21 21 20 20 16 31 31 31 31 31 31 31 31 31 31 31 31 31 31 31 31 31 31 31 31 31 31 31 31 31 31 31 31 31 31 31 31 31 31 31 31 31 31 31 31 31 31 31 31 31 31 31 31 31 31 31 31 31 31 31 31 31 31 31 31 31 31 31 31 31 31 31 31 31 31 31 31 31 31 31 31 31 31 31 31 31 31 31 31 31 31 31 31 31 31 31 31 31 31 31 31 31 31 31 31 31 31 31 31 31 31 31 31
31 31 31 31 31 31 31 20 4 30 30 4 20 16 31 21 4 21 4 4 16 31 31 31 31 31 31 31 31 31 31 31 31 31 31 31 31 31 31 31 31 31 31 31 31 31 31 31 31 31 31 31 31 31 31 31 31 31 31 31 31 31 31 31 31 31 31 31 31 31 31 31 31 31 31 31 31 31 31 31 31 31 31 31 31 31 31 31 31 31 31 31 31 31 31 31 31 31 31 31 31 31 31 31 31 31 31 31 31 31 31 31 31 31 31 31 31 31 31 31 31 31 31 31 31 31 31 31
31 31 31 31 31 31 31 20 4 30 30 4 20 31 31 20 4 30 30 30 4 31 31 31 31 31 31 31 31 31 31 31 31 31 31 31 31 31 31 31 31 31 31 31 31 31 31 31 31 31 31 31 31 31 31 31 31 31 31 31 31 31 31 31 31 31 31 31 31 31 31 31 31 31 31 31 31 31 31 31 31 31 31 31 31 31 31 31 31 31 31 31 31 31 31 31 31 31 31 31 31 31 31 31 31 31 31 31 31 31 31 31 31 31 31 31 31 31 31 31 31 31 31 31 31 31 31 31
31 31 31 31 31 31 31 31 4 30 20 4 16 31 31 20 4 4 30 4 20 31 31 31 31 31 31 31 31 31 31 31 31 31 31 31 31 31 31 31 31 31 31 31 31 31 31 31 31 31 31 31 31 31 31 31 31 31 31 31 31 31 31 31 31 31 31 31 31 31 31 31 31 31 31 31 31 31 31 31 31 31 31 31 31 31 31 31 31 31 31 31 31 31 31 31 31 31 31 31 31 31 31 31 31 31 31 31 31 31 31 31 31 31 31 31 31 31 31 31 31 31 31 31 31 31 31 31
31 31 31 31 31 31 31 4 4 4 4 4 16 31 31 16 4 4 30 4 16 31 31 31 31 31 31 31 31 31 31 31 31 31 31 31 31 31 31 31 31 31 31 31 31 31 31 31 31 31 31 31 31 31 31 31 31 31 31 31 31 31 31 31 31 31 31 31 31 31 31 31 31 31 31 31 31 31 31 31 31 31 31 31 31 31 31 31 31 31 31 31 31 31 31 31 31 31 31 31 31 31 31 31 31 31 31 31 31 31 31 31 31 31 31 31 31 31 31 31 31 31 31 31 31 31 31 31
31 31 31 31 31 31 31 4 30 4 20 20 31 31 31 16 4 30 31 30 31 31 31 31 31 31 31 31 31 31 31 31 31 31 31 31 31 31 31 31 31 31 31 31 31 31 31 31 31 31 31 31 31 31 31 31 31 31 31 31 31 31 31 31 31 31 31 31 31 31 31 31 31 31 31 31 31 31 31 31 31 31 31 31 31 31 31 31 31 31 31 31 31 31 31 31 31 31 31 31 31 31 31 31 31 31 31 31 31 31 31 31 31 31 31 31 31 31 31 31 31 31 31 31 31 31 31 31
31 31 31 31 31 31 4 16 21 16 16 20 31 31 31 31 4 20 20 4 16 31 31 31 31 31 31 31 31 31 31 31 31 31 31 31 31 31 31 31 31 31 31 31 31 31 31 31 31 31 31 31 31 31 31 31 31 31 31 31 31 31 31 31 31 31 31 31 31 31 31 31 31 31 31 31 31 31 31 31 31 31 31 31 31 31 31 31 31 31 31 31 31 31 31 31 31 31 31 31 31 31 31 31 31 31 31 31 31 31 31 31 31 31 31 31 31 31 31 31 31 31 31 31 31 31 31 31
31 31 31 31 31 31 16 21 5 21 16 21 31 31 31 16 4 20 16 20 21 31 31 31 31 31 31 31 31 31 31 31 31 31 31 31 31 31 31 31 31 31 31 31 31 31 31 31 31 31 31 31 31 31 31 31 31 31 31 31 31 31 31 31 31 31 31 31 31 31 31 31 31 31 31 31 31 31 31 31 31 31 31 31 31 31 31 31 31 31 31 31 31 31 31 31 31 31 31 31 31 31 31 31 31 31 31 31 31 31 31 31 31 31 31 31 31 31 31 31 31 31 31 31 31 31 31 31
31 31 31 31 31 31 16 16 16 16 16 16 31 31 31 16 16 16 21 16 16 31 31 31 31 31 31 31 31 31 31 31 31 31 31 31 31 31 31 31 31 31 31 31 31 31 31 31 31 31 31 31 31 31 31 31 31 31 31 31 31 31 31 31 31 31 31 31 31 31 31 31 31 31 31 31 31 31 31 31 31 31 31 31 31 31 31 31 31 31 31 31 31 31 31 31 31 31 31 31 31 31 31 31 31 31 31 31 31 31 31 31 31 31 31 31 31 31 31 31 31 31 31 31 31 31 31 31
31 31 31 31 31 31 31 31 31 31 31 31 31 31 31 16 16 16 21 21 16 31 31 31 31 31 31 31 31 31 31 31 31 31 31 31 31 31 31 31 31 31 31 31 31 31 31 31 31 31 31 31 31 31 31 31 31 31 31 31 31 31 31 31 31 31 31 31 31 31 31 31 31 31 31 31 31 31 31 31 31 31 31 31 31 31 31 31 31 31 31 31 31 31 31 31 31 31 31 31 31 31 31 31 31 31 31 31 31 31 31 31 31 31 31 31 31 31 31 31 31 31 31 31 31 31 31 31
31 31 31 31 31 31 31 31 31 31 31 31 31 31 31 31 16 16 16 16 16 31 31 31 31 31 31 31 31 31 31 31 31 31 31 31 31 31 31 31 31 31 31 31 31 31 31 31 31 31 31 31 31 31 31 31 31 31 31 31 31 31 31 31 31 31 31 31 31 31 31 31 31 31 31 31 31 31 31 31 31 31 31 31 31 31 31 31 31 31 31 31 31 31 31 31 31 31 31 31 31 31 31 31 31 31 31 31 31 31 31 31 31 31 31 31 31 31 31 31 31 31 31 31 31 31 31 31
31 31 31 31 31 31 31 31 31 31 31 31 31 31 31 31 31 31 31 31 31 31 31 31 31 31 31 31 31 31 31 31 31 31 31 31 31 31 31 31 31 31 31 31 31 31 31 31 31 31 31 31 31 31 31 31 31 31 31 31 31 31 31 31 31 31 31 31 31 31 31 31 31 31 31 31 31 31 31 31 31 31 31 31 31 31 31 31 31 31 31 31 31 31 31 31 31 31 31 31 31 31 31 31 31 31 31 31 31 31 31 31 31 31 31 31 31 31 31 31 31 31 31 31 31 31 31 31
31 31 31 31 31 31 31 31 31 31 31 31 31 31 31 31 31 31 31 31 31 31 31 31 31 31 31 31 31 31 31 31 31 31 31 31 31 31 31 31 31 31 31 31 31 31 31 31 31 31 31 31 31 31 31 31 31 31 31 31 31 31 31 31 31 31 31 31 31 31 31 31 31 31 31 31 31 31 31 31 31 31 31 31 31 31 31 31 31 31 31 31 31 31 31 31 31 31 31 31 31 31 31 31 31 31 31 31 31 31 31 31 31 31 31 31 31 31 31 31 31 31 31 31 31 31 31 31
31 31 31 31 31 31 31 31 31 31 31 31 31 31 31 31 31 31 31 31 31 31 31 31 31 31 31 31 31 31 31 31 31 31 31 31 31 31 31 31 31 31 31 31 31 31 31 31 31 31 31 31 31 31 31 31 31 31 31 31 31 31 31 31 31 31 31 31 31 31 31 31 31 31 31 31 31 31 31 31 31 31 31 31 31 31 31 31 31 31 31 31 31 31 31 31 31 31 31 31 31 31 31 31 31 31 31 31 31 31 31 31 31 31 31 31 31 31 31 31 31 31 31 31 31 31 31 31
31 31 31 31 31 31 31 31 31 31 31 31 31 31 31 31 31 31 31 31 31 31 31 31 31 31 31 31 31 31 31 31 31 31 31 31 31 31 31 31 31 31 31 31 31 31 31 31 31 31 31 31 31 31 31 31 31 31 31 31 31 31 31 31 31 31 31 31 31 31 31 31 31 31 31 31 31 31 31 31 31 31 31 31 31 31 31 31 31 31 31 31 31 31 31 31 31 31 31 31 31 31 31 31 31 31 31 31 31 31 31 31 31 31 31 31 31 31 31 31 31 31 31 31 31 31 31 31
31 31 31 31 31 31 31 31 31 31 31 31 31 31 31 31 31 31 31 31 31 31 31 31 31 31 31 31 31 31 31 31 31 31 31 31 31 31 31 31 31 31 31 31 31 31 31 31 31 31 31 31 31 31 31 31 31 31 31 31 31 31 31 31 31 31 31 31 31 31 31 31 31 31 31 31 31 31 31 31 31 31 31 31 31 31 31 31 31 31 31 31 31 31 31 31 31 31 31 31 31 31 31 31 31 31 31 31 31 31 31 31 31 31 31 31 31 31 31 31 31 31 31 31 31 31 31 31
31 31 31 31 31 31 31 31 31 31 31 31 31 31 31 31 31 31 31 31 31 31 31 31 31 31 31 31 31 31 31 31 31 31 31 31 31 31 31 31 31 31 31 31 31 31 31 31 31 31 31 31 31 31 31 31 31 31 31 31 31 31 31 31 31 31 31 31 31 31 31 31 31 31 31 31 31 31 31 31 31 31 31 31 31 31 31 31 31 31 31 31 31 31 31 31 31 31 31 31 31 31 31 31 31 31 31 31 31 31 31 31 31 31 31 31 31 31 31 31 31 31 31 31 31 31 31 31
31 31 31 31 31 31 31 31 31 31 31 31 31 31 31 31 31 31 31 31 31 31 31 31 31 31 31 31 31 31 31 31 31 31 31 31 31 31 31 31 31 31 31 31 31 31 31 31 31 31 31 31 31 31 31 31 31 31 31 31 31 31 31 31 31 31 31 31 31 31 31 31 31 31 31 31 31 31 31 31 31 31 31 31 31 31 31 31 31 31 31 31 31 31 31 31 31 31 31 31 31 31 31 31 31 31 31 31 31 31 31 31 31 31 31 31 31 31 31 31 31 31 31 31 31 31 31 31
31 31 31 31 31 31 31 31 31 31 31 31 31 31 31 31 31 31 31 31 31 31 31 31 31 31 31 31 31 31 31 31 31 31 31 31 31 31 31 31 31 31 31 31 31 31 31 31 31 31 31 31 31 31 31 31 31 31 31 31 31 31 31 31 31 31 31 31 31 31 31 31 31 31 31 31 31 31 31 31 31 31 31 31 31 31 31 31 31 31 31 31 31 31 31 31 31 31 31 31 31 31 31 31 31 31 31 31 31 31 31 31 31 31 31 31 31 31 31 31 31 31 31 31 31 31 31 31
31 31 31 31 31 31 31 31 31 31 31 31 31 31 31 31 31 31 31 31 31 31 31 31 31 31 31 31 31 31 31 31 31 31 31 31 31 31 31 31 31 31 31 31 31 31 31 31 31 31 31 31 31 31 31 31 31 31 31 31 31 31 31 31 31 31 31 31 31 31 31 31 31 31 31 31 31 31 31 31 31 31 31 31 31 31 31 31 31 31 31 31 31 31 31 31 31 31 31 31 31 31 31 31 31 31 31 31 31 31 31 31 31 31 31 31 31 31 31 31 31 31 31 31 31 31 31 31
31 31 31 31 31 31 31 31 31 31 31 31 31 31 31 31 31 31 31 31 31 31 31 31 31 31 31 31 31 31 31 31 31 31 31 31 31 31 31 31 31 31 31 31 31 31 31 31 31 31 31 31 31 31 31 31 31 31 31 31 31 31 31 31 31 31 31 31 31 31 31 31 31 31 31 31 31 31 31 31 31 31 31 31 31 31 31 31 31 31 31 31 31 31 31 31 31 31 31 31 31 31 31 31 31 31 31 31 31 31 31 31 31 31 31 31 31 31 31 31 31 31 31 31 31 31 31 31
31 31 31 31 31 31 31 31 31 31 31 31 31 31 31 31 31 31 31 31 31 31 31 31 31 31 31 31 31 31 31 31 31 31 31 31 31 31 31 31 31 31 31 31 31 31 31 31 31 31 31 31 31 31 31 31 31 31 31 31 31 31 31 31 31 31 31 31 31 31 31 31 31 31 31 31 31 31 31 31 31 31 31 31 31 31 31 31 31 31 31 31 31 31 31 31 31 31 31 31 31 31 31 31 31 31 31 31 31 31 31 31 31 31 31 31 31 31 31 31 31 31 31 31 31 31 31 31
31 31 31 31 31 31 31 31 31 31 31 31 31 31 31 31 31 31 31 31 31 31 31 31 31 31 31 31 31 31 31 31 31 31 31 31 31 31 31 31 31 31 31 31 31 31 31 31 31 31 31 31 31 31 31 31 31 31 31 31 31 31 31 31 31 31 31 31 31 31 31 31 31 31 31 31 31 31 31 31 31 31 31 31 31 31 31 31 31 31 31 31 31 31 31 31 31 31 31 31 31 31 31 31 31 31 31 31 31 31 31 31 31 31 31 31 31 31 31 31 31 31 31 31 31 31 31 31
31 31 31 31 31 31 31 31 31 31 31 31 31 31 31 31 31 31 31 31 31 31 31 31 31 31 31 31 31 31 31 31 31 31 31 31 31 31 31 31 31 31 31 31 31 31 31 31 31 31 31 31 31 31 31 31 31 31 31 31 31 31 31 31 31 31 31 31 31 31 31 31 31 31 31 31 31 31 31 31 31 31 31 31 31 31 31 31 31 31 31 31 31 31 31 31 31 31 31 31 31 31 31 31 31 31 31 31 31 31 31 31 31 31 31 31 31 31 31 31 31 31 31 31 31 31 31 31
31 31 31 31 31 31 31 31 31 31 31 31 31 31 31 31 31 31 31 31 31 31 31 31 31 31 31 31 31 31 31 31 31 31 31 31 31 31 31 31 31 31 31 31 31 31 31 31 31 31 31 31 31 31 31 31 31 31 31 31 31 31 31 31 31 31 31 31 31 31 31 31 31 31 31 31 31 31 31 31 31 31 31 31 31 31 31 31 31 31 31 31 31 31 31 31 31 31 31 31 31 31 31 31 31 31 31 31 31 31 31 31 31 31 31 31 31 31 31 31 31 31 31 31 31 31 31 31
31 31 31 31 31 31 31 31 31 31 31 31 31 31 31 31 31 31 31 31 31 31 31 31 31 31 31 31 31 31 31 31 31 31 31 31 31 31 31 31 31 31 31 31 31 31 31 31 31 31 31 31 31 31 31 31 31 31 31 31 31 31 31 31 31 31 31 31 31 31 31 31 31 31 31 31 31 31 31 31 31 31 31 31 31 31 31 31 31 31 31 31 31 31 31 31 31 31 31 31 31 31 31 31 31 31 31 31 31 31 31 31 31 31 31 31 31 31 31 31 31 31 31 31 31 31 31 31
31 31 31 31 31 31 31 31 31 31 31 31 31 31 31 31 31 31 31 31 31 31 31 31 31 31 31 31 31 31 31 31 31 31 31 31 31 31 31 31 31 31 31 31 31 31 31 31 31 31 31 31 31 31 31 31 31 31 31 31 31 31 31 31 31 31 31 31 31 31 31 31 31 31 31 31 31 31 31 31 31 31 31 31 31 31 31 31 31 31 31 31 31 31 31 31 31 31 31 31 31 31 31 31 31 31 31 31 31 31 31 31 31 31 31 31 31 31 31 31 31 31 31 31 31 31 31 31
31 31 31 31 31 31 31 31 31 31 31 31 31 31 31 31 31 31 31 31 31 31 31 31 31 31 31 31 31 31 31 31 31 31 31 31 31 31 31 31 31 31 31 31 31 31 31 31 31 31 31 31 31 31 31 31 31 31 31 31 31 31 31 31 31 31 31 31 31 31 31 31 31 31 31 31 31 31 31 31 31 31 31 31 31 31 31 31 31 31 31 31 31 31 31 31 31 31 31 31 31 31 31 31 31 31 31 31 31 31 31 31 31 31 31 31 31 31 31 31 31 31 31 31 31 31 31 31
31 31 31 31 31 31 31 31 31 31 31 31 31 31 31 31 31 31 31 31 31 31 31 31 31 31 31 31 31 31 31 31 31 31 31 31 31 31 31 31 31 31 31 31 31 31 31 31 31 31 31 31 31 31 31 31 31 31 31 31 31 31 31 31 31 31 31 31 31 31 31 31 31 31 31 31 31 31 31 31 31 31 31 31 31 31 31 31 31 31 31 31 31 31 31 31 31 31 31 31 31 31 31 31 31 31 31 31 31 31 31 31 31 31 31 31 31 31 31 31 31 31 31 31 31 31 31 31
31 31 31 31 31 31 31 31 31 31 31 31 31 31 31 31 31 31 31 31 31 31 31 31 31 31 31 31 31 31 31 31 31 31 31 31 31 31 31 31 31 31 31 31 31 31 31 31 31 31 31 31 31 31 31 31 31 31 31 31 31 31 31 31 31 31 31 31 31 31 31 31 31 31 31 31 31 31 31 31 31 31 31 31 31 31 31 31 31 31 31 31 31 31 31 31 31 31 31 31 31 31 31 31 31 31 31 31 31 31 31 31 31 31 31 31 31 31 31 31 31 31 31 31 31 31 31 31
31 31 31 31 31 31 31 31 31 31 31 31 31 31 31 31 31 31 31 31 31 31 31 31 31 31 31 31 31 31 31 31 31 31 31 31 31 31 31 31 31 31 31 31 31 31 31 31 31 31 31 31 31 31 31 31 31 31 31 31 31 31 31 31 31 31 31 31 31 31 31 31 31 31 31 31 31 31 31 31 31 31 31 31 31 31 31 31 31 31 31 31 31 31 31 31 31 31 31 31 31 31 31 31 31 31 31 31 31 31 31 31 31 31 31 31 31 31 31 31 31 31 31 31 31 31 31 31
31 31 31 31 31 31 31 31 31 31 31 31 31 31 31 31 31 31 31 31 31 31 31 31 31 31 31 31 31 31 31 31 31 31 31 31 31 31 31 31 31 31 31 31 31 31 31 31 31 31 31 31 31 31 31 31 31 31 31 31 31 31 31 31 31 31 31 31 31 31 31 31 31 31 31 31 31 31 31 31 31 31 31 31 31 31 31 31 31 31 31 31 31 31 31 31 31 31 31 31 31 31 31 31 31 31 31 31 31 31 31 31 31 31 31 31 31 31 31 31 31 31 31 31 31 31 31 31
31 31 31 31 31 31 31 31 31 31 31 31 31 31 31 31 31 31 31 31 31 31 31 31 31 31 31 31 31 31 31 31 31 31 31 31 31 31 31 31 31 31 31 31 31 31 31 31 31 31 31 31 31 31 31 31 31 31 31 31 31 31 31 31 31 31 31 31 31 31 31 31 31 31 31 31 31 31 31 31 31 31 31 31 31 31 31 31 31 31 31 31 31 31 31 31 31 31 31 31 31 31 31 31 31 31 31 31 31 31 31 31 31 31 31 31 31 31 31 31 31 31 31 31 31 31 31 31
31 31 31 31 31 31 31 31 31 31 31 31 31 31 31 31 31 31 31 31 31 31 31 31 31 31 31 31 31 31 31 31 31 31 31 31 31 31 31 31 31 31 31 31 31 31 31 31 31 31 31 31 31 31 31 31 31 31 31 31 31 31 31 31 31 31 31 31 31 31 31 31 31 31 31 31 31 31 31 31 31 31 31 31 31 31 31 31 31 31 31 31 31 31 31 31 31 31 31 31 31 31 31 31 31 31 31 31 31 31 31 31 31 31 31 31 31 31 31 31 31 31 31 31 31 31 31 31
31 31 31 31 31 31 31 31 31 31 31 31 31 31 31 31 31 31 31 31 31 31 31 31 31 31 31 31 31 31 31 31 31 31 31 31 31 31 31 31 31 31 31 31 31 31 31 31 31 31 31 31 31 31 31 31 31 31 31 31 31 31 31 31 31 31 31 31 31 31 31 31 31 31 31 31 31 31 31 31 31 31 31 31 31 31 31 31 31 31 31 31 31 31 31 31 31 31 31 31 31 31 31 31 31 31 31 31 31 31 31 31 31 31 31 31 31 31 31 31 31 31 31 31 31 31 31 31
sprites
death-0 0 0 26 31
death-1 28 0 58 15
melee-0 28 0 58 15
melee-1 28 0 58 15
missile-0 28 0 58 15
missile-1 28 0 58 15
walk-0 28 0 58 15
walk-1 28 0 58 15
walk-2 28 0 58 15
walk-3 28 0 58 15
end sprites
end paint
